65342823
183917889
73202340
300445950
578719100
592770916
12952720
55757841
58894942
331209900
11119983
393826813
86443810
98561070
153237507
135974160
278790720
267517340
493581640
3104010
177091313
91054992
713661354
7925152
89123391
100119816
4161532
280359520
95011776
192265020
214374930
23237523
199549190
42037740
220040170
401372296
421856311
679781830
685935305
526936904
161821137
370972350
30580312
86737324
32886880
217931238
14433650
200522950
5115246
24759420
48408276
60572252
253257256
1065139
34869582
203969360
404030250
178522695
931343664
501324327
635174517
701266180
488952816
97899705
5952258
227251974
60639647
540236880
102718144
40730196
209719230
406353475
212276807
856733037
15546186
87999285
292147975
563729628
57825838
251840820
67656303
23818536
328782454
57608342
537563896
707680128
351462741
181384215
536904810
566560656
149999067
88439643
50604580
5510570
96290748
386957190
16353288
211838814
98527428
59633560
156598075
74786879
253624
287730756
88135845
159391838
78309779
74698272
456165012
357520280
561586950
170492532
867316361
279581808
159838896
253499194
176788590
18656660
156292851
230096469
505734037
6004950
422034930
345228480
19720085
69054801
756815892
264609592
424221964
348776640
635746937
373380768
533423561
636088167
385665244
576802821
621454405
84682339
10996128
590626250
422367200
565087920
426543252
125897814
167074809
1162048
90196762
511157148
292322250
428536918
37693144
596066505
732595690
516942245
317948640
30343362
15391320
98841765
93186048
902180090
92454870
172884572
312814192
586425426
351444651
271000350
58899393
105115275
93977382
859540988
132608685
127716208
277447212
17805018
301933773
1491400
302331484
435408000
43440320
578396168
22614819
6887331
217555932
50366190
44903189
867954600
571876810
108871501
442415974
231601326
108110475
8989840
164826854
315360912
370510920
154901320
361911864
196722495
123681887
306363870
38924526
34798080
76069071
263394600
212449404
324264000
276202950
714944912
468612368
119876085
253365372
959068760
375677728
37002600
571228350
95838010
3438176
357479854
672007707
515494288
31170870
62778235
104216544
576905007
44701644
306640870
481011952
20982559
116830690
35943144
141464785
741884598
42648912
15019858
768593832
481586408
439316472
503314102
3860190
35712380
78358896
136794444
709242653
224663316
292636140
211828144
670649956
44878304
256399032
235400880
464944900
303125886
499142966
56285595
257565468
41809372
106200496
150797022
231786097
9145884
93949942
136402144
92536416
266894933
47095490
2874627
10072590
30808079
558999293
92743755
341685911
294561652
581206245
169543530
602463400
254944144
653044284
74356194
409439100
483342332
256634840
206014548
100844932
450930960
263971125
446040288
14416680
631651128
153434161
231296560
732192783
68026200
645798503
353119640
135192330
74257408
179306809
603742218
402251216
102998896
